Number of games 2000
one - 50.95% wins
two - 49.05% wins

player one: x 9 y 9
player two: x 5 y 3
0 0 0 0 0 0 0 0 0 0 
0 0 0 0 0 0 0 0 0 0 
0 0 0 0 0 0 0 0 0 0 
0 0 0 0 0 3 3 0 0 0 
0 0 0 0 0 3 3 0 0 0 
0 0 0 0 0 3 3 0 0 0 
0 0 0 0 0 3 3 0 0 0 
0 0 0 0 0 3 1 1 1 1 
1 0 0 0 0 3 1 1 1 1 
1 0 0 0 0 0 0 0 0 1 

Number of games 4000
one - 49.125% wins
two - 50.875% wins

player one: x 6 y 4
player two: x 3 y 7
0 0 0 0 0 0 0 0 0 0 
0 0 0 0 0 0 0 0 0 0 
0 0 0 0 0 0 0 0 0 0 
0 0 0 0 0 0 1 1 0 0 
0 0 0 0 0 0 1 1 0 0 
1 0 0 0 0 0 0 1 1 1 
1 1 1 0 0 3 3 3 1 1 
3 3 1 6 3 3 1 3 3 3 
3 1 1 3 3 3 1 3 3 3 
0 0 0 0 0 0 1 0 0 0 

Number of games 6000
one - 49.8167% wins
two - 50.1833% wins

player one: x 6 y 7
player two: x 6 y 9
1 0 0 0 0 0 0 0 0 0 
1 0 0 0 1 3 0 0 0 0 
0 0 0 0 1 3 0 0 0 0 
0 0 0 0 1 3 0 0 0 0 
1 0 0 0 1 3 0 0 0 1 
1 1 0 0 1 3 1 1 1 1 
3 1 0 0 1 3 1 3 3 3 
3 1 1 1 1 3 1 3 3 3 
3 1 1 3 3 3 3 3 3 3 
0 0 0 3 0 0 3 0 0 0 

Number of games 8000
one - 49.875% wins
two - 50.125% wins

player one: x 5 y 6
player two: x 5 y 6
0 0 0 1 0 0 0 0 0 0 
1 1 0 0 0 0 0 0 0 0 
1 0 0 0 0 0 0 0 0 0 
1 0 0 0 0 0 0 0 0 1 
0 0 0 0 0 0 0 0 0 1 
3 3 0 0 0 0 0 0 0 1 
3 3 3 0 0 4 1 0 0 1 
3 3 3 3 3 3 1 1 1 1 
3 3 3 3 3 3 1 1 1 1 
0 0 0 3 0 0 0 0 0 0 

Number of games 10000
one - 49.89% wins
two - 50.11% wins

player one: x 8 y 6
player two: x 6 y 7
0 0 0 0 0 0 0 0 0 0 
0 0 0 0 0 0 0 0 0 0 
0 1 0 0 0 3 3 0 0 0 
0 1 1 0 0 3 0 0 0 0 
1 1 1 0 0 3 0 0 0 0 
1 1 1 0 0 3 0 0 0 1 
1 1 1 0 0 3 3 3 1 1 
1 1 1 0 0 3 6 3 3 3 
1 1 0 0 0 3 3 3 3 3 
0 0 0 0 0 3 0 0 0 0 

Number of games 12000
one - 49.4667% wins
two - 50.5333% wins

player one: x 7 y 7
player two: x 2 y 5
0 0 0 0 0 0 0 0 0 0 
0 0 0 0 0 0 0 0 0 0 
0 0 0 0 0 0 0 0 0 0 
0 0 0 0 0 0 0 0 0 0 
0 0 0 0 0 0 0 0 0 0 
0 0 3 0 0 0 0 1 1 0 
0 0 3 0 0 3 3 1 1 0 
1 0 3 3 3 3 3 2 1 1 
1 1 3 3 3 3 3 1 1 1 
0 1 0 0 0 0 0 0 0 0 

Number of games 14000
one - 49.5714% wins
two - 50.4286% wins

player one: x 4 y 8
player two: x 1 y 3
0 0 0 0 0 0 0 0 0 0 
0 0 0 0 0 0 0 0 0 0 
0 0 0 0 0 0 0 0 0 0 
0 3 0 0 0 0 0 0 0 0 
0 3 0 0 0 0 0 0 0 0 
0 3 0 0 0 0 0 0 0 0 
0 3 0 0 0 0 0 0 0 0 
3 3 1 1 0 0 0 0 0 3 
1 1 1 1 2 0 0 0 0 3 
0 0 0 0 1 0 0 0 0 0 

Number of games 16000
one - 49.5312% wins
two - 50.4688% wins

player one: x 5 y 8
player two: x 4 y 7
0 0 0 0 0 0 0 0 0 0 
0 0 0 0 0 0 0 0 0 0 
0 0 0 0 0 0 0 0 0 0 
0 0 0 0 0 0 0 0 0 0 
0 0 0 0 0 0 0 0 0 0 
0 0 0 0 0 0 0 0 0 0 
0 0 3 0 0 0 0 1 0 0 
0 3 3 3 3 1 1 1 0 0 
0 3 3 3 0 2 1 1 0 0 
0 0 0 0 0 0 0 1 0 0 

Number of games 18000
one - 49.5222% wins
two - 50.4778% wins

player one: x 5 y 9
player two: x 2 y 6
0 0 0 0 0 0 0 0 0 0 
0 0 0 0 0 0 0 0 0 0 
0 0 0 0 0 0 0 0 0 0 
0 0 0 0 0 0 0 0 0 0 
0 0 0 0 0 0 0 0 0 0 
0 0 0 0 1 0 0 0 0 3 
3 3 3 0 1 0 0 0 0 3 
3 0 0 0 1 1 1 0 0 3 
3 0 0 0 1 1 1 0 0 3 
0 0 0 0 1 1 0 0 0 0 

Number of games 20000
one - 49.375% wins
two - 50.625% wins

player one: x 8 y 3
player two: x 2 y 8
0 0 0 0 0 0 0 0 0 0 
0 0 0 0 0 0 0 0 0 0 
0 0 1 0 0 0 0 3 0 0 
0 0 1 0 0 0 0 3 1 0 
0 0 1 0 0 0 0 3 1 0 
0 0 1 0 0 0 0 3 1 0 
0 0 1 0 0 3 3 3 1 0 
1 0 1 3 3 3 3 3 1 1 
1 0 4 3 3 3 3 3 1 1 
0 0 1 0 0 0 0 0 0 0 

Number of games 22000
one - 49.2636% wins
two - 50.7364% wins

player one: x 6 y 7
player two: x 6 y 6
0 0 0 0 0 0 0 0 0 0 
0 0 0 0 0 0 0 0 0 0 
0 0 0 0 0 0 0 0 0 0 
0 0 0 0 0 0 0 0 0 0 
0 0 0 0 0 0 0 0 0 0 
0 0 0 0 0 0 0 0 0 0 
0 0 0 1 0 0 3 3 3 0 
0 0 0 1 1 1 2 3 3 3 
0 0 0 0 1 1 1 3 3 3 
0 0 0 0 1 0 0 0 0 0 

Number of games 24000
one - 49.5292% wins
two - 50.4708% wins

player one: x 8 y 8
player two: x 6 y 7
0 0 0 0 0 0 0 0 0 0 
0 0 0 0 0 0 0 0 0 0 
0 0 0 0 0 0 0 0 0 0 
0 0 0 0 0 0 0 0 0 0 
0 0 0 0 0 0 0 0 0 0 
0 0 0 0 0 0 0 0 0 0 
0 0 0 0 0 0 0 0 0 0 
1 0 0 0 0 0 3 3 3 1 
1 0 0 1 0 0 3 3 4 1 
0 0 0 1 0 0 0 0 0 0 

Number of games 26000
one - 49.5846% wins
two - 50.4154% wins

player one: x 7 y 3
player two: x 2 y 7
0 0 0 0 0 0 0 0 0 1 
0 0 0 0 3 1 0 0 0 1 
0 0 0 0 3 1 0 0 0 0 
0 0 0 0 3 1 1 2 1 0 
3 0 0 0 3 3 1 1 1 3 
3 0 0 0 3 3 1 1 1 3 
3 3 3 0 3 1 1 1 1 3 
3 3 3 0 3 1 1 1 1 3 
3 3 0 0 3 1 1 1 1 3 
0 0 0 0 3 0 0 0 0 0 

Number of games 28000
one - 49.7429% wins
two - 50.2571% wins

player one: x 3 y 6
player two: x 0 y 8
0 0 0 0 0 0 0 0 0 0 
0 0 0 0 0 0 0 0 0 0 
0 0 0 0 0 0 0 0 0 0 
0 0 0 0 0 0 0 0 0 0 
0 0 0 0 0 0 0 0 0 0 
0 0 0 0 0 0 0 0 0 0 
0 0 0 1 1 0 0 0 0 0 
1 0 1 1 1 3 3 3 3 3 
4 0 1 1 1 3 3 3 3 3 
1 0 0 0 0 0 0 0 0 0 

Number of games 30000
one - 49.9% wins
two - 50.1% wins

player one: x 3 y 8
player two: x 6 y 6
0 0 0 0 0 0 0 0 0 0 
0 0 0 0 0 0 0 0 0 0 
0 0 0 0 0 0 0 0 0 0 
0 0 0 0 0 0 0 0 0 0 
0 0 0 0 0 0 0 0 0 0 
0 0 0 0 0 0 0 0 0 0 
0 0 0 0 3 3 3 0 0 0 
1 1 1 3 3 3 3 0 1 1 
1 1 1 4 3 3 3 0 1 1 
0 0 0 0 0 0 0 0 1 0 

Number of games 32000
one - 49.7875% wins
two - 50.2125% wins

player one: x 3 y 7
player two: x 1 y 6
0 0 0 0 0 0 0 0 0 0 
0 0 0 0 0 0 0 0 0 0 
0 3 0 0 0 0 1 0 0 0 
0 3 0 0 0 0 1 0 0 0 
0 3 0 0 0 0 1 0 0 0 
0 3 3 3 3 0 1 0 0 0 
0 3 3 3 3 1 1 0 0 0 
1 1 1 4 3 1 0 0 0 0 
1 1 1 3 3 1 0 0 0 0 
0 0 0 0 0 1 0 0 0 0 

Number of games 34000
one - 49.9265% wins
two - 50.0735% wins

player one: x 8 y 7
player two: x 0 y 4
0 0 0 1 0 0 0 0 0 0 
0 0 0 1 0 0 1 1 3 0 
0 0 0 0 0 0 1 0 3 0 
0 0 0 0 0 0 1 0 3 0 
3 0 0 0 0 0 1 0 3 0 
3 0 0 0 0 0 1 0 3 0 
3 0 0 0 0 0 1 0 3 3 
3 0 0 0 0 0 1 1 2 3 
3 0 0 0 0 0 1 1 1 3 
0 0 0 0 0 0 0 0 0 3 

Number of games 36000
one - 50.0389% wins
two - 49.9611% wins

player one: x 0 y 7
player two: x 0 y 6
0 0 0 0 0 0 0 0 0 0 
0 0 0 0 0 0 0 0 0 0 
0 0 0 0 0 0 0 0 0 0 
0 0 0 0 0 0 0 0 0 0 
0 0 0 0 0 0 0 0 0 0 
0 0 0 0 0 0 0 0 0 0 
3 3 0 0 0 0 0 0 0 0 
2 3 3 3 0 0 0 0 1 1 
1 3 3 0 0 0 0 0 1 1 
0 0 0 0 0 0 0 0 1 0 

Number of games 38000
one - 50.0868% wins
two - 49.9132% wins

player one: x 7 y 6
player two: x 2 y 8
0 0 0 0 0 0 0 0 0 0 
0 0 0 0 0 0 0 0 0 0 
0 0 0 0 0 0 0 0 0 0 
0 0 0 0 0 0 0 0 0 0 
0 0 0 0 0 0 0 0 0 0 
0 0 0 0 0 0 1 1 0 0 
1 0 0 3 3 3 1 1 0 0 
1 3 3 3 3 3 1 1 1 0 
1 3 6 3 3 3 1 1 1 0 
1 0 0 0 0 0 0 0 0 0 

Number of games 40000
one - 50.045% wins
two - 49.955% wins

player one: x 5 y 8
player two: x 9 y 7
0 0 0 0 0 0 0 0 0 0 
0 0 0 0 0 0 0 0 0 0 
0 0 0 1 0 0 0 0 3 0 
0 0 1 1 0 0 0 0 3 0 
0 0 1 0 0 0 0 0 3 0 
0 0 1 0 0 0 0 0 3 0 
0 0 1 0 0 0 0 0 3 0 
3 0 1 1 1 0 0 0 3 6 
3 0 1 1 1 1 0 0 3 3 
0 0 0 0 0 0 0 0 3 0 

Number of games 42000
one - 50.0952% wins
two - 49.9048% wins

player one: x 5 y 9
player two: x 6 y 7
0 0 0 0 1 0 0 0 0 0 
0 0 0 1 0 0 0 0 0 0 
0 0 0 1 0 0 0 0 0 0 
0 0 0 1 0 0 0 0 0 0 
0 0 0 1 0 0 0 0 0 0 
0 0 0 1 0 0 0 0 0 0 
0 0 0 1 0 0 0 3 3 0 
3 0 0 1 1 1 3 3 3 3 
3 0 0 1 1 1 3 3 3 3 
0 0 0 0 3 1 0 0 0 0 

Number of games 44000
one - 50.1205% wins
two - 49.8795% wins

player one: x 1 y 9
player two: x 9 y 6
0 0 0 0 0 0 0 0 0 0 
0 0 0 0 0 0 0 0 0 0 
0 0 0 0 0 0 0 0 0 0 
0 0 1 0 0 0 0 3 0 0 
0 0 1 1 0 0 0 3 0 0 
0 1 1 1 0 0 0 3 0 0 
0 1 1 1 0 0 0 3 3 3 
3 1 1 1 0 0 0 3 3 3 
3 1 1 1 0 0 0 3 3 3 
0 1 0 0 0 0 0 3 0 0 

Number of games 46000
one - 50.2326% wins
two - 49.7674% wins

player one: x 3 y 3
player two: x 8 y 4
0 0 0 0 0 0 0 0 0 1 
1 0 0 0 3 0 0 0 0 1 
1 0 0 0 3 0 0 0 0 0 
1 0 1 2 3 0 0 0 0 0 
1 1 1 1 3 0 0 0 3 3 
1 1 1 1 3 3 3 0 0 3 
1 1 1 1 3 3 3 0 0 3 
1 1 1 1 3 3 3 3 3 3 
1 1 1 1 3 3 3 3 3 3 
0 0 0 0 3 0 0 0 0 0 

Number of games 48000
one - 50.25% wins
two - 49.75% wins

player one: x 7 y 6
player two: x 6 y 8
0 0 0 0 0 0 0 0 0 0 
0 0 0 0 0 0 0 0 0 0 
0 0 0 0 0 0 0 0 0 0 
0 0 0 0 0 0 0 0 0 0 
0 0 0 0 0 0 0 0 0 0 
0 0 0 0 3 0 0 0 0 1 
0 0 0 0 3 0 0 1 1 1 
1 0 0 0 3 0 3 3 1 1 
1 0 0 0 3 0 6 3 1 1 
0 0 0 0 3 0 0 0 0 0 

Number of games 50000
one - 50.258% wins
two - 49.742% wins

player one: x 9 y 8
player two: x 8 y 8
0 0 0 0 0 0 0 0 0 0 
0 0 0 0 0 0 0 0 0 0 
0 0 0 0 0 0 0 0 0 0 
0 0 0 0 0 0 0 0 0 0 
1 0 0 0 0 3 0 0 0 0 
1 0 0 0 0 3 0 0 0 0 
1 0 0 0 0 3 0 0 0 0 
1 0 0 0 0 3 3 3 1 1 
1 0 0 0 0 3 3 3 4 1 
1 0 0 0 0 0 0 0 0 0 

Number of games 52000
one - 50.3654% wins
two - 49.6346% wins

player one: x 4 y 7
player two: x 3 y 8
0 0 0 0 0 0 0 0 0 0 
0 0 0 0 0 0 0 0 0 0 
0 0 0 0 0 0 0 0 0 0 
0 0 0 0 0 0 0 0 0 0 
0 0 0 0 0 0 0 0 0 0 
0 0 1 1 0 0 0 0 0 0 
1 1 1 1 1 3 3 3 3 3 
1 1 1 1 1 3 3 3 3 3 
1 1 1 4 3 3 3 3 3 3 
0 0 0 1 0 0 0 0 0 0 

Number of games 54000
one - 50.4204% wins
two - 49.5796% wins

player one: x 7 y 7
player two: x 5 y 7
0 0 0 0 0 0 0 0 0 0 
0 0 0 0 0 0 0 0 0 0 
0 0 0 0 0 0 0 0 0 0 
0 0 0 0 0 0 0 0 0 0 
0 0 0 0 0 0 0 0 0 0 
0 0 0 0 0 0 0 1 1 0 
1 0 0 0 0 3 3 1 1 1 
1 0 0 0 1 3 3 4 3 3 
1 0 0 0 1 0 3 3 3 3 
0 0 0 0 1 0 0 0 0 0 

Number of games 56000
one - 50.3875% wins
two - 49.6125% wins

player one: x 3 y 8
player two: x 1 y 8
0 0 0 0 0 0 0 0 0 0 
0 0 0 0 0 0 0 0 0 0 
3 0 0 0 0 1 0 0 0 0 
3 0 0 0 0 1 0 0 0 0 
3 0 0 0 0 1 0 0 0 0 
3 0 0 0 0 1 0 0 0 0 
3 0 0 0 0 1 0 0 0 0 
3 3 3 1 1 1 0 0 0 0 
3 6 3 1 1 1 0 0 0 0 
0 0 0 0 0 1 0 0 0 0 

Number of games 58000
one - 50.3897% wins
two - 49.6103% wins

player one: x 4 y 8
player two: x 9 y 0
0 0 0 1 0 0 0 0 0 3 
1 0 0 1 0 0 0 0 3 3 
1 0 0 0 0 0 0 0 3 3 
1 0 0 0 0 0 0 0 3 3 
1 0 0 0 0 0 0 0 3 3 
1 0 0 0 0 0 0 0 3 3 
1 0 0 0 0 0 0 0 3 3 
1 1 1 1 1 0 0 0 3 3 
1 1 1 1 1 0 0 0 3 3 
0 0 0 0 0 0 0 0 3 0 

Number of games 60000
one - 50.3017% wins
two - 49.6983% wins

player one: x 9 y 7
player two: x 1 y 6
0 3 0 0 0 0 0 0 0 0 
0 3 0 0 0 0 0 0 0 0 
0 3 0 0 0 0 0 0 0 0 
0 3 0 0 0 0 0 0 0 0 
0 3 0 0 0 0 0 0 0 0 
0 3 0 0 0 0 0 0 0 0 
0 3 0 0 0 0 0 0 0 0 
1 0 0 0 0 0 0 0 1 2 
1 0 0 0 0 0 0 0 1 1 
0 1 0 0 0 0 0 0 0 0 

Number of games 62000
one - 50.3258% wins
two - 49.6742% wins

player one: x 1 y 6
player two: x 4 y 2
0 0 0 0 0 0 0 0 0 0 
0 0 0 0 0 0 0 0 0 0 
0 0 0 0 3 3 3 3 3 0 
0 0 0 0 3 3 3 3 3 1 
0 0 1 1 1 3 3 3 3 1 
1 1 1 1 1 3 3 3 3 1 
1 2 1 1 1 3 3 3 3 1 
1 1 1 1 1 3 3 3 3 1 
1 1 1 1 1 3 3 3 3 1 
0 0 0 0 0 0 0 0 0 1 

Number of games 64000
one - 50.2672% wins
two - 49.7328% wins

player one: x 2 y 9
player two: x 4 y 6
0 0 0 0 0 0 0 0 0 0 
0 0 0 0 0 0 0 0 0 0 
0 0 0 0 0 0 0 0 0 0 
0 0 0 0 0 0 0 0 0 0 
0 0 0 0 0 0 0 0 0 0 
0 0 0 0 0 0 0 0 0 0 
0 1 1 3 3 0 0 0 0 0 
0 1 1 3 3 3 0 0 0 0 
1 1 1 3 3 3 0 0 0 0 
1 0 1 0 0 0 0 0 0 0 

Number of games 66000
one - 50.2909% wins
two - 49.7091% wins

player one: x 5 y 5
player two: x 4 y 4
0 0 0 0 0 0 0 0 0 0 
0 0 0 0 0 0 0 0 0 0 
0 0 0 0 0 0 0 0 0 0 
0 0 0 0 0 0 1 1 1 1 
0 3 3 3 6 0 1 1 1 1 
1 3 3 3 3 1 1 1 1 1 
1 3 3 3 3 3 3 1 1 1 
1 3 3 3 3 3 3 1 1 1 
1 3 3 3 3 3 3 1 1 1 
0 0 0 0 0 0 0 1 0 0 

Number of games 68000
one - 50.2118% wins
two - 49.7882% wins

player one: x 4 y 8
player two: x 9 y 9
0 0 0 0 0 0 0 0 0 0 
0 0 0 0 0 0 0 0 0 0 
0 0 0 0 0 0 0 0 0 0 
0 0 0 0 0 0 0 0 0 0 
0 0 0 0 0 0 0 0 0 0 
0 0 0 0 0 0 0 0 0 0 
1 0 0 0 0 3 0 0 0 0 
1 1 1 1 1 3 3 3 3 3 
1 1 1 1 1 3 3 3 3 3 
1 0 0 0 0 0 0 0 0 3 

Number of games 70000
one - 50.2257% wins
two - 49.7743% wins

player one: x 8 y 8
player two: x 6 y 6
1 0 0 0 0 0 0 0 0 0 
1 0 0 0 0 0 0 0 0 0 
1 0 0 0 0 0 0 0 0 0 
1 0 0 0 0 0 0 0 0 1 
0 0 0 0 0 0 0 0 0 1 
0 0 0 0 0 0 0 0 0 1 
0 0 0 0 0 0 3 1 1 1 
3 3 3 3 3 3 3 1 1 1 
3 3 3 3 3 3 3 1 2 1 
3 0 0 0 0 0 0 0 0 0 

Number of games 72000
one - 50.2361% wins
two - 49.7639% wins

player one: x 3 y 6
player two: x 4 y 9
0 0 0 0 0 0 0 0 0 0 
0 0 0 0 0 0 0 0 0 0 
0 0 0 0 0 0 0 0 0 0 
0 0 0 0 0 0 0 0 0 0 
0 0 0 0 0 0 0 0 0 0 
0 0 0 0 0 0 0 0 0 0 
0 0 0 1 0 0 0 0 0 0 
0 3 3 1 1 1 0 0 0 0 
0 3 3 3 3 1 1 0 0 0 
0 0 0 0 3 0 1 0 0 0 

Number of games 74000
one - 50.1514% wins
two - 49.8486% wins

player one: x 7 y 8
player two: x 6 y 6
0 0 0 0 0 0 0 0 0 0 
0 0 0 0 0 0 0 0 0 0 
0 0 0 0 0 0 0 0 0 0 
0 0 0 0 0 0 0 0 0 0 
0 0 1 0 0 0 0 3 3 0 
0 0 1 0 0 0 0 0 3 0 
0 0 1 0 0 0 3 3 3 0 
0 0 1 0 0 1 1 3 3 0 
0 0 1 0 0 1 1 4 3 0 
0 0 1 0 0 0 0 0 0 0 

Number of games 76000
one - 50.0618% wins
two - 49.9382% wins

player one: x 1 y 8
player two: x 3 y 7
0 0 0 1 0 0 0 0 0 0 
1 0 0 1 0 0 0 0 3 0 
1 0 0 0 0 0 0 0 3 0 
1 0 0 0 0 0 0 0 3 0 
1 0 0 0 0 0 0 0 3 0 
1 0 0 0 0 0 0 0 3 0 
1 1 1 0 0 0 0 3 3 0 
1 1 1 3 3 3 0 3 0 0 
1 2 1 3 3 3 0 3 0 0 
0 0 0 0 0 0 0 3 0 0 

Number of games 78000
one - 50.0615% wins
two - 49.9385% wins

player one: x 2 y 7
player two: x 7 y 9
0 0 0 0 0 0 0 0 0 0 
0 0 0 0 0 0 0 0 0 0 
0 0 0 0 0 0 0 0 0 0 
0 0 0 0 0 0 0 0 0 0 
0 0 0 0 0 0 0 0 0 0 
0 3 0 0 0 0 1 0 0 0 
3 3 0 0 0 0 1 0 0 3 
1 1 1 0 0 0 1 3 3 3 
1 1 1 0 0 0 1 3 3 3 
0 0 0 0 0 0 1 3 0 0 

Number of games 80000
one - 50.0737% wins
two - 49.9263% wins

player one: x 0 y 6
player two: x 1 y 7
0 0 0 0 0 0 0 0 0 0 
0 0 0 0 0 0 0 0 0 0 
0 0 0 0 0 0 0 0 0 0 
0 0 0 0 0 0 0 0 0 0 
0 0 0 0 0 0 0 0 0 0 
0 0 0 0 0 0 0 0 0 0 
1 0 0 0 0 0 0 0 0 0 
1 6 3 0 0 0 0 0 0 0 
1 3 3 0 0 0 0 1 0 0 
0 0 0 0 0 0 0 1 0 0 

Number of games 82000
one - 50.0073% wins
two - 49.9927% wins

player one: x 6 y 8
player two: x 5 y 7
0 0 0 0 0 0 0 0 0 0 
0 0 0 0 0 0 0 0 0 0 
0 0 0 0 0 0 0 0 0 0 
0 0 0 0 0 0 0 0 0 0 
0 3 0 0 0 0 1 0 0 0 
0 3 0 0 0 0 1 0 0 0 
0 3 0 0 3 3 1 0 0 0 
1 3 3 3 3 3 1 1 1 1 
1 3 3 3 3 0 2 1 1 1 
0 0 0 0 0 0 1 0 0 0 

Number of games 84000
one - 50.0964% wins
two - 49.9036% wins

player one: x 4 y 7
player two: x 9 y 0
0 0 0 0 0 0 0 0 3 3 
3 0 0 0 0 0 0 0 3 3 
3 0 0 0 1 1 1 1 3 3 
3 0 0 0 1 1 1 1 3 3 
3 0 0 0 1 1 1 3 3 3 
3 0 0 0 1 1 1 3 3 3 
3 0 0 0 1 1 1 3 3 3 
3 0 0 0 1 1 1 1 1 3 
3 0 0 0 0 1 1 1 1 3 
0 0 0 0 0 1 0 0 0 0 

Number of games 86000
one - 50.1081% wins
two - 49.8919% wins

player one: x 0 y 6
player two: x 2 y 6
0 0 0 0 0 0 0 0 0 0 
0 0 0 0 0 0 0 0 0 0 
0 0 0 0 0 0 0 0 0 0 
0 3 0 0 0 1 1 0 0 0 
0 3 0 0 0 1 0 0 0 0 
0 3 3 0 0 1 0 0 0 0 
1 3 6 0 0 1 0 0 0 0 
1 3 3 0 0 1 0 0 0 0 
1 3 3 0 0 1 0 0 0 0 
0 0 0 0 0 1 0 0 0 0 

Number of games 88000
one - 50.0625% wins
two - 49.9375% wins

player one: x 4 y 8
player two: x 8 y 6
0 1 0 0 0 0 0 0 0 0 
0 1 0 1 0 0 0 0 0 0 
0 1 0 1 0 0 3 0 0 0 
0 0 0 1 0 0 3 0 0 0 
0 0 0 1 0 0 3 0 0 0 
0 0 0 1 0 0 3 0 0 0 
0 0 0 1 0 0 3 0 3 0 
3 0 0 1 1 1 3 0 3 3 
3 0 0 1 2 1 3 0 3 3 
0 0 0 0 0 0 3 0 0 0 

Number of games 90000
one - 50.1033% wins
two - 49.8967% wins

player one: x 4 y 5
player two: x 6 y 6
0 0 0 0 0 0 0 0 0 0 
0 0 0 0 0 0 0 0 0 0 
0 0 0 0 0 0 0 0 0 0 
3 0 0 0 0 1 0 0 0 0 
3 0 0 0 0 1 0 0 0 0 
3 0 0 1 2 1 0 0 3 3 
3 0 1 1 1 1 3 3 3 3 
3 0 1 1 1 1 0 3 3 3 
3 0 1 1 1 1 0 3 3 3 
0 0 0 0 0 1 0 0 0 0 

Number of games 92000
one - 50.0837% wins
two - 49.9163% wins

player one: x 1 y 8
player two: x 2 y 4
0 0 0 0 0 0 0 0 0 0 
0 0 0 0 0 0 0 0 0 0 
0 3 0 0 0 0 1 0 0 0 
0 3 0 0 0 0 1 0 0 0 
0 3 3 3 0 0 1 0 0 0 
0 3 0 3 0 0 1 0 0 0 
0 3 0 3 3 0 1 1 1 0 
1 3 3 3 3 0 1 1 1 1 
1 4 3 3 3 0 1 1 1 1 
0 0 0 0 0 0 1 0 0 0 

Number of games 94000
one - 50.0947% wins
two - 49.9053% wins

player one: x 5 y 8
player two: x 2 y 5
0 0 0 0 0 0 0 0 0 0 
0 0 0 0 0 0 0 0 0 0 
0 0 0 0 0 0 0 0 0 0 
0 0 0 0 0 0 0 0 0 0 
0 0 0 0 0 0 0 0 0 0 
0 0 3 0 0 0 0 0 0 0 
3 0 3 0 0 1 0 0 0 0 
3 0 3 0 0 1 1 1 0 0 
3 3 3 0 0 2 1 1 0 0 
0 0 0 0 0 1 0 0 0 0 

Number of games 96000
one - 50.074% wins
two - 49.926% wins

player one: x 8 y 7
player two: x 8 y 6
0 0 0 0 0 0 0 0 0 0 
0 0 0 0 0 0 0 0 0 0 
0 0 0 0 0 0 0 0 0 0 
0 0 0 0 0 0 0 0 0 0 
0 0 0 0 0 0 0 0 0 0 
0 0 3 0 0 0 0 1 0 0 
0 0 3 0 0 0 0 1 3 0 
3 3 3 0 0 0 0 1 4 3 
1 0 0 0 0 0 0 1 1 1 
0 0 0 0 0 0 0 1 0 0 

Number of games 98000
one - 50.0561% wins
two - 49.9439% wins

player one: x 1 y 7
player two: x 9 y 8
0 0 0 0 0 0 0 1 0 0 
1 0 3 0 0 0 0 1 0 0 
1 0 3 0 0 0 0 0 0 0 
1 0 3 0 0 0 0 0 0 0 
1 1 3 0 0 0 0 0 0 0 
0 1 3 0 0 0 0 0 0 0 
0 1 3 0 0 0 0 0 0 0 
0 2 3 0 0 0 0 0 0 0 
3 1 3 0 0 0 0 0 0 3 
0 0 3 0 0 0 0 0 0 0 

Number of games 100000
one - 50.052% wins
two - 49.948% wins

player one: x 3 y 9
player two: x 3 y 4
0 0 0 0 0 0 1 0 0 0 
0 0 0 3 3 0 0 0 0 1 
1 1 0 3 3 0 0 0 0 1 
1 1 0 3 3 0 0 0 0 1 
1 1 0 3 3 0 0 0 0 1 
1 1 0 0 3 0 0 0 0 1 
1 1 1 1 3 0 0 0 0 1 
3 1 1 1 3 3 3 3 3 3 
3 1 1 1 3 3 3 3 3 3 
0 0 0 1 0 0 3 0 0 0 

Number of games 102000
one - 50.0765% wins
two - 49.9235% wins

player one: x 1 y 5
player two: x 1 y 6
0 0 0 0 0 0 0 1 0 0 
0 0 0 0 1 1 1 0 0 0 
0 0 0 0 1 1 1 0 0 0 
0 0 0 0 0 0 1 0 0 0 
0 0 0 0 0 0 1 0 0 0 
0 1 1 1 0 0 1 0 0 0 
0 4 1 1 1 0 1 3 3 0 
3 3 3 3 1 1 1 3 3 3 
3 3 3 3 3 3 3 3 3 3 
0 0 0 0 0 0 0 3 0 0 

Number of games 104000
one - 50.0971% wins
two - 49.9029% wins

player one: x 7 y 6
player two: x 8 y 4
0 0 0 0 0 0 0 0 0 0 
0 0 0 0 0 0 0 0 0 0 
0 0 0 0 0 0 0 0 0 0 
0 0 3 0 0 0 0 1 0 0 
3 0 3 0 0 0 0 1 3 3 
3 3 3 0 0 0 0 1 3 3 
1 3 3 0 0 0 0 2 1 1 
1 3 3 0 0 0 0 1 1 1 
1 3 3 0 0 0 0 1 1 1 
0 0 0 0 0 0 0 1 0 0 

